PWAT : [1, 54, 251, 258, 259, 260, 261, 262, 321, 325, 329, 330, 349, 353, 392]
MC 2191 : [2, 10, 15, 25, 35, 42, 46, 49, 55, 59, 63, 75, 80, 84, 89, 94, 100, 104, 119, 124, 134, 151, 156, 160, 164, 167, 179, 187, 194, 219, 225, 229, 234, 245, 252, 255, 269, 275, 280, 297, 305, 314, 322, 326, 335, 338, 342, 350, 354, 367, 375, 380]
MC 2198 : [3, 11, 16, 36, 43, 47, 50, 53, 56, 60, 64, 76, 81, 85, 90, 101, 105, 120, 125, 135, 150, 152, 157, 161, 165, 168, 180, 188, 195, 215, 226, 230, 235, 246, 253, 256, 270, 276, 281, 298, 302, 306, 315, 323, 327, 336, 339, 343, 348, 351, 355, 365, 368, 381]
BS 1689 : [4, 17, 26, 37, 44, 57, 61, 65, 77, 82, 86, 93, 96, 102, 126, 153, 158, 162, 166, 181, 221, 231, 254, 257, 271, 282, 288, 299, 316, 324, 328, 340, 352, 356, 377, 382, 385]
PERADESIN : [5, 6, 8, 9, 18, 68, 70, 71, 72, 88, 97, 106, 116, 123, 138, 155, 172, 204, 205, 209, 211, 213, 214, 242, 243, 279, 290, 296, 309, 319, 320, 345, 346, 373]
CITREIN 50 : [7, 21, 22, 23, 27, 33, 34, 40, 48, 67, 69, 87, 98, 107, 111, 112, 114, 115, 121, 122, 139, 140, 141, 142, 143, 144, 145, 146, 154, 171, 175, 183, 184, 185, 200, 201, 202, 203, 208, 210, 212, 218, 238, 239, 244, 267, 272, 287, 289, 294, 295, 301, 310, 313, 344, 347, 371, 372, 374, 386, 389]
BS 1689 3% : [12, 51, 91, 136, 169, 196, 247, 277, 307, 369]
BFT 2401 : [13, 52, 92, 137, 170, 197, 248, 278, 308, 370]
PCHT : [14, 41, 58, 99, 159, 163, 186, 189, 224, 228, 334, 337, 341]
SF 2000 : [19, 31, 113, 193, 223, 273, 332, 359]
SF 2068 : [20, 78, 131, 173, 199, 237, 274, 284, 303, 318, 388]
MC 2199 : [24, 95, 220, 376]
S10 : [28, 30, 66, 73, 108, 109, 128, 132, 148, 182, 190, 206, 216, 232, 240, 249, 263, 265, 285, 291, 292, 311, 331, 357, 363, 378, 383, 390]
S5A : [29, 74, 110, 129, 233, 241, 358, 364, 379, 384, 391]
PF 171C : [32, 127]
RF 2069 : [38, 79, 83, 130, 174, 198, 236, 283, 304, 317, 387]
SC 2068 : [39]
PWAT2 : [45, 62, 103]
PWAT3 : [117, 118, 366]
SA : [133, 149, 191, 207, 217, 250, 264, 266, 286, 293, 312]
CITREIN 51 : [147]
PF 171 C : [176, 178, 300, 362]
PF 168 C : [177, 360]
S5 : [192, 333]
BIODISPERSANT : [222]
BIOSHIELD 1689 : [227]
PWAT  : [268]
PF NEUTRAL : [361]
