Bataan 2020 Power Ventures Inc. (Dec.2023) : [1, 2, 3, 4]
United Pulp and Paper Co.Inc : [10, 11, 12, 13, 49, 50, 51, 52, 89, 90, 91, 92, 134, 135, 136, 137, 167, 168, 169, 170, 194, 195, 196, 197, 245, 246, 247, 248, 275, 276, 277, 278, 305, 306, 307, 308, 367, 368, 369, 370]
Bataan 2020 Inc.-Cogen 2 (3 of 3) : [14, 15, 16, 17]
Bataan 2020 Inc.-Samal : [19, 20]
Bataan 2020 Inc.-samal : [30, 31]
Delta P., Inc. : [32]
Koolkem Corp. : [35, 36, 37, 38, 39, 66, 84, 85, 86, 108, 124, 125, 126, 128, 129, 130, 131, 156, 157, 158, 182, 198, 199, 216, 217, 234, 235, 236, 237, 249, 250, 265, 266, 280, 281, 282, 283, 284, 285, 286, 291, 314, 315, 316, 317, 318, 378, 379, 380, 381, 382, 383, 384, 387, 388]
Bataan 2020 Inc.-Cogen 2 (1 of 3) : [41, 42, 43, 44]
Subzero Cold Storage and Ice Inc. : [45, 46, 47, 62, 63, 64, 65, 103, 104, 105, 186, 187, 188, 189, 228, 229, 230, 231, 334, 335, 336, 337, 338, 339, 340, 341, 342, 343]
Bataan 2020 Power Ventures Inc. (January 2025) : [54, 55, 56, 57]
Bataan 2020 Inc.-Cogen 2 (2 of 3 ) : [58, 59, 60, 61]
Bataan 2020 Inc.-Baesa : [93]
Bataan 2020 Inc.- Cogen 2 : [99, 100, 101, 102]
B2020 : [113]
Delta P. Inc. : [127, 176, 177, 178]
Chemlux Incorpoation : [192, 333]
Bataan 2020 Power Vetures Inc. : [268, 269, 270, 271, 321, 322, 323, 324, 325, 326, 327, 328, 349, 350, 351, 352, 353, 354, 355, 356]
Delta P Inc. : [300, 360, 361, 362]
FSWI : [363, 364, 390, 391]
